{"nbformat":4,"nbformat_minor":0,"metadata":{"colab":{"provenance":[],"authorship_tag":"ABX9TyO7vJZAUYxiw2BtXDoL4VGV"},"kernelspec":{"name":"python3","display_name":"Python 3"},"language_info":{"name":"python"}},"cells":[{"cell_type":"code","execution_count":1,"metadata":{"colab":{"base_uri":"https://localhost:8080/"},"id":"dWY1h3L6IRBB","executionInfo":{"status":"ok","timestamp":1772711204413,"user_tz":-330,"elapsed":260,"user":{"displayName":"SUMEET","userId":"18027669688790708177"}},"outputId":"e2e3028e-854f-4f7a-9d18-0ac352d41520"},"outputs":[{"output_type":"stream","name":"stdout","text":["--2026-03-05 11:46:43--  https://raw.githubusercontent.com/karpathy/makemore/refs/heads/master/names.txt\n","Resolving raw.githubusercontent.com (raw.githubusercontent.com)... 185.199.108.133, 185.199.109.133, 185.199.110.133, ...\n","Connecting to raw.githubusercontent.com (raw.githubusercontent.com)|185.199.108.133|:443... connected.\n","HTTP request sent, awaiting response... 200 OK\n","Length: 228145 (223K) [text/plain]\n","Saving to: ‘names.txt’\n","\n","\rnames.txt             0%[                    ]       0  --.-KB/s               \rnames.txt           100%[===================>] 222.80K  --.-KB/s    in 0.02s   \n","\n","2026-03-05 11:46:44 (9.31 MB/s) - ‘names.txt’ saved [228145/228145]\n","\n"]}],"source":["!wget https://raw.githubusercontent.com/karpathy/makemore/refs/heads/master/names.txt"]},{"cell_type":"code","source":["with open(\"names.txt\", \"r\") as f:\n","  words = [line.strip() for line in f]\n","\n","words[:10]"],"metadata":{"colab":{"base_uri":"https://localhost:8080/"},"id":"3rJS1E3aInWP","executionInfo":{"status":"ok","timestamp":1772711285231,"user_tz":-330,"elapsed":17,"user":{"displayName":"SUMEET","userId":"18027669688790708177"}},"outputId":"295ada1f-16f1-4de9-bdc6-0d7f064b147c"},"execution_count":2,"outputs":[{"output_type":"execute_result","data":{"text/plain":["['emma',\n"," 'olivia',\n"," 'ava',\n"," 'isabella',\n"," 'sophia',\n"," 'charlotte',\n"," 'mia',\n"," 'amelia',\n"," 'harper',\n"," 'evelyn']"]},"metadata":{},"execution_count":2}]},{"cell_type":"markdown","source":["##### Create a 27*27 matrix for ([.a-z]) where each cell entry is freq count of bigrams\n","##### Once done, sample a cell from first row (i.e. '.' as start) and continue sampling from different rows until '.' is encountered again"],"metadata":{"id":"lJWyAG_0LpGZ"}},{"cell_type":"code","source":["import torch"],"metadata":{"id":"RmJwP0vTIzVl","executionInfo":{"status":"ok","timestamp":1772711307289,"user_tz":-330,"elapsed":2861,"user":{"displayName":"SUMEET","userId":"18027669688790708177"}}},"execution_count":4,"outputs":[]},{"cell_type":"code","source":["P = torch.ones(27,27, dtype=torch.float64)\n","P.shape"],"metadata":{"colab":{"base_uri":"https://localhost:8080/"},"id":"lGqFoQHtMDoF","executionInfo":{"status":"ok","timestamp":1772711560921,"user_tz":-330,"elapsed":21,"user":{"displayName":"SUMEET","userId":"18027669688790708177"}},"outputId":"942baae8-34bb-4105-bca3-0cc96a2136ee"},"execution_count":8,"outputs":[{"output_type":"execute_result","data":{"text/plain":["torch.Size([27, 27])"]},"metadata":{},"execution_count":8}]},{"cell_type":"code","source":["P.dtype"],"metadata":{"colab":{"base_uri":"https://localhost:8080/"},"id":"IBg7Nj-wN_m3","executionInfo":{"status":"ok","timestamp":1772711312003,"user_tz":-330,"elapsed":19,"user":{"displayName":"SUMEET","userId":"18027669688790708177"}},"outputId":"0b683fad-8848-4939-c43c-14da1ec7421a"},"execution_count":6,"outputs":[{"output_type":"execute_result","data":{"text/plain":["torch.float64"]},"metadata":{},"execution_count":6}]},{"cell_type":"code","source":["for word in words:\n","  word = f\".{word}.\"\n","  for char1, char2 in zip(word, word[1:]):\n","    char1_idx = 0 if char1 == \".\" else ord(char1)-ord('a')+1\n","    char2_idx = 0 if char2 == \".\" else ord(char2)-ord('a')+1\n","    P[char1_idx, char2_idx] += 1"],"metadata":{"id":"ofXy9258MaaA","executionInfo":{"status":"ok","timestamp":1772711576167,"user_tz":-330,"elapsed":3488,"user":{"displayName":"SUMEET","userId":"18027669688790708177"}}},"execution_count":9,"outputs":[]},{"cell_type":"code","source":["torch.set_printoptions(sci_mode=False)\n","P\n","# Original\n","#        0.0000, 0.1377, 0.0408, 0.0481, 0.0528, 0.0478, 0.0130, 0.0209, 0.0273,\n","#        0.0184, 0.0756, 0.0925, 0.0491, 0.0792, 0.0358, 0.0123, 0.0161, 0.0029,\n","#        0.0512, 0.0642, 0.0408, 0.0024, 0.0117, 0.0096, 0.0042, 0.0167, 0.0290"],"metadata":{"colab":{"base_uri":"https://localhost:8080/"},"id":"s5ere3aUSLBm","executionInfo":{"status":"ok","timestamp":1772711584550,"user_tz":-330,"elapsed":198,"user":{"displayName":"SUMEET","userId":"18027669688790708177"}},"outputId":"98beceb6-98e7-420e-e73e-4c51429c623f"},"execution_count":10,"outputs":[{"output_type":"execute_result","data":{"text/plain":["tensor([[   1., 4411., 1307., 1543., 1691., 1532.,  418.,  670.,  875.,  592.,\n","         2423., 2964., 1573., 2539., 1147.,  395.,  516.,   93., 1640., 2056.,\n","         1309.,   79.,  377.,  308.,  135.,  536.,  930.],\n","        [6641.,  557.,  542.,  471., 1043.,  693.,  135.,  169., 2333., 1651.,\n","          176.,  569., 2529., 1635., 5439.,   64.,   83.,   61., 3265., 1119.,\n","          688.,  382.,  835.,  162.,  183., 2051.,  436.],\n","        [ 115.,  322.,   39.,    2.,   66.,  656.,    1.,    1.,   42.,  218.,\n","            2.,    1.,  104.,    1.,    5.,  106.,    1.,    1.,  843.,    9.,\n","            3.,   46.,    1.,    1.,    1.,   84.,    1.],\n","        [  98.,  816.,    1.,   43.,    2.,  552.,    1.,    3.,  665.,  272.,\n","            4.,  317.,  117.,    1.,    1.,  381.,    2.,   12.,   77.,    6.,\n","           36.,   36.,    1.,    1.,    4.,  105.,    5.],\n","        [ 517., 1304.,    2.,    4.,  150., 1284.,    6.,   26.,  119.,  675.,\n","           10.,    4.,   61.,   31.,   32.,  379.,    1.,    2.,  425.,   30.,\n","            5.,   93.,   18.,   24.,    1.,  318.,    2.],\n","        [3984.,  680.,  122.,  154.,  385., 1272.,   83.,  126.,  153.,  819.,\n","           56.,  179., 3249.,  770., 2676.,  270.,   84.,   15., 1959.,  862.,\n","          581.,   70.,  464.,   51.,  133., 1071.,  182.],\n","        [  81.,  243.,    1.,    1.,    1.,  124.,   45.,    2.,    2.,  161.,\n","            1.,    3.,   21.,    1.,    5.,   61.,    1.,    1.,  115.,    7.,\n","           19.,   11.,    1.,    5.,    1.,   15.,    3.],\n","        [ 109.,  331.,    4.,    1.,   20.,  335.,    2.,   26.,  361.,  191.,\n","            4.,    1.,   33.,    7.,   28.,   84.,    1.,    1.,  202.,   31.,\n","           32.,   86.,    2.,   27.,    1.,   32.,    2.],\n","        [2410., 2245.,    9.,    3.,   25.,  675.,    3.,    3.,    2.,  730.,\n","           10.,   30.,  186.,  118.,  139.,  288.,    2.,    2.,  205.,   32.,\n","           72.,  167.,   40.,   11.,    1.,  214.,   21.],\n","        [2490., 2446.,  111.,  510.,  441., 1654.,  102.,  429.,   96.,   83.,\n","           77.,  446., 1346.,  428., 2127.,  589.,   54.,   53.,  850., 1317.,\n","          542.,  110.,  270.,    9.,   90.,  780.,  278.],\n","        [  72., 1474.,    2.,    5.,    5.,  441.,    1.,    1.,   46.,  120.,\n","            3.,    3.,   10.,    6.,    3.,  480.,    2.,    1.,   12.,    8.,\n","            3.,  203.,    6.,    7.,    1.,   11.,    1.],\n","        [ 364., 1732.,    3.,    3.,    3.,  896.,    2.,    1.,  308.,  510.,\n","            3.,   21.,  140.,   10.,   27.,  345.,    1.,    1.,  110.,   96.,\n","           18.,   51.,    3.,   35.,    1.,  380.,    3.],\n","        [1315., 2624.,   53.,   26.,  139., 2922.,   23.,    7.,   20., 2481.,\n","            7.,   25., 1346.,   61.,   15.,  693.,   16.,    4.,   19.,   95.,\n","           78.,  325.,   73.,   17.,    1., 1589.,   11.],\n","        [ 517., 2591.,  113.,   52.,   25.,  819.,    2.,    1.,    6., 1257.,\n","            8.,    2.,    6.,  169.,   21.,  453.,   39.,    1.,   98.,   36.,\n","            5.,  140.,    4.,    3.,    1.,  288.,   12.],\n","        [6764., 2978.,    9.,  214.,  705., 1360.,   12.,  274.,   27., 1726.,\n","           45.,   59.,  196.,   20., 1907.,  497.,    6.,    3.,   45.,  279.,\n","          444.,   97.,   56.,   12.,    7.,  466.,  146.],\n","        [ 856.,  150.,  141.,  115.,  191.,  133.,   35.,   45.,  172.,   70.,\n","           17.,   69.,  620.,  262., 2412.,  116.,   96.,    4., 1060.,  505.,\n","          119.,  276.,  177.,  115.,   46.,  104.,   55.],\n","        [  34.,  210.,    3.,    2.,    1.,  198.,    2.,    1.,  205.,   62.,\n","            2.,    2.,   17.,    2.,    2.,   60.,   40.,    1.,  152.,   17.,\n","           18.,    5.,    1.,    1.,    1.,   13.,    1.],\n","        [  29.,   14.,    1.,    1.,    1.,    2.,    1.,    1.,    1.,   14.,\n","            1.,    1.,    2.,    3.,    1.,    3.,    1.,    1.,    2.,    3.,\n","            1.,  207.,    1.,    4.,    1.,    1.,    1.],\n","        [1378., 2357.,   42.,  100.,  188., 1698.,   10.,   77.,  122., 3034.,\n","           26.,   91.,  414.,  163.,  141.,  870.,   15.,   17.,  426.,  191.,\n","          209.,  253.,   81.,   22.,    4.,  774.,   24.],\n","        [1170., 1202.,   22.,   61.,   10.,  885.,    3.,    3., 1286.,  685.,\n","            3.,   83.,  280.,   91.,   25.,  532.,   52.,    2.,   56.,  462.,\n","          766.,  186.,   15.,   25.,    1.,  216.,   11.],\n","        [ 484., 1028.,    2.,   18.,    1.,  717.,    3.,    3.,  648.,  533.,\n","            4.,    1.,  135.,    5.,   23.,  668.,    1.,    1.,  353.,   36.,\n","          375.,   79.,   16.,   12.,    3.,  342.,  106.],\n","        [ 156.,  164.,  104.,  104.,  137.,  170.,   20.,   48.,   59.,  122.,\n","           15.,   94.,  302.,  155.,  276.,   11.,   17.,   11.,  415.,  475.,\n","           83.,    4.,   38.,   87.,   35.,   14.,   46.],\n","        [  89.,  643.,    2.,    1.,    2.,  569.,    1.,    1.,    2.,  912.,\n","            1.,    4.,   15.,    1.,    9.,  154.,    1.,    1.,   49.,    1.,\n","            1.,    8.,    8.,    1.,    1.,  122.,    1.],\n","        [  52.,  281.,    2.,    1.,    9.,  150.,    3.,    2.,   24.,  149.,\n","            1.,    7.,   14.,    3.,   59.,   37.,    1.,    1.,   23.,   21.,\n","            9.,   26.,    1.,    3.,    1.,   74.,    2.],\n","        [ 165.,  104.,    2.,    5.,    6.,   37.,    4.,    1.,    2.,  103.,\n","            1.,    1.,   40.,    2.,    2.,   42.,    1.,    1.,    1.,   32.,\n","           71.,    6.,    1.,    4.,   39.,   31.,   20.],\n","        [2008., 2144.,   28.,  116.,  273.,  302.,   13.,   31.,   23.,  193.,\n","           24.,   87., 1105.,  149., 1827.,  272.,   16.,    7.,  292.,  402.,\n","          105.,  142.,  107.,    5.,   29.,   24.,   79.],\n","        [ 161.,  861.,    5.,    3.,    3.,  374.,    1.,    2.,   44.,  365.,\n","            3.,    3.,  124.,   36.,    5.,  111.,    3.,    1.,   33.,    5.,\n","            5.,   74.,    3.,    4.,    2.,  148.,   46.]],\n","       dtype=torch.float64)"]},"metadata":{},"execution_count":10}]},{"cell_type":"markdown","source":["#### Computing probabilities instead"],"metadata":{"id":"14jf_LHROYeW"}},{"cell_type":"code","source":["P /= P.sum(dim=1, keepdim=True)"],"metadata":{"id":"ogjkNwnIOdst","executionInfo":{"status":"ok","timestamp":1772711601453,"user_tz":-330,"elapsed":7,"user":{"displayName":"SUMEET","userId":"18027669688790708177"}}},"execution_count":11,"outputs":[]},{"cell_type":"code","source":["P"],"metadata":{"colab":{"base_uri":"https://localhost:8080/"},"id":"k1Cg9Vf04M-7","executionInfo":{"status":"ok","timestamp":1772712157281,"user_tz":-330,"elapsed":38,"user":{"displayName":"SUMEET","userId":"18027669688790708177"}},"outputId":"c7b87b3b-a370-4b2f-aff3-b5e65270e1ad"},"execution_count":27,"outputs":[{"output_type":"execute_result","data":{"text/plain":["tensor([[0.0000, 0.1376, 0.0408, 0.0481, 0.0527, 0.0478, 0.0130, 0.0209, 0.0273,\n","         0.0185, 0.0756, 0.0925, 0.0491, 0.0792, 0.0358, 0.0123, 0.0161, 0.0029,\n","         0.0512, 0.0641, 0.0408, 0.0025, 0.0118, 0.0096, 0.0042, 0.0167, 0.0290],\n","        [0.1958, 0.0164, 0.0160, 0.0139, 0.0308, 0.0204, 0.0040, 0.0050, 0.0688,\n","         0.0487, 0.0052, 0.0168, 0.0746, 0.0482, 0.1604, 0.0019, 0.0024, 0.0018,\n","         0.0963, 0.0330, 0.0203, 0.0113, 0.0246, 0.0048, 0.0054, 0.0605, 0.0129],\n","        [0.0430, 0.1205, 0.0146, 0.0007, 0.0247, 0.2455, 0.0004, 0.0004, 0.0157,\n","         0.0816, 0.0007, 0.0004, 0.0389, 0.0004, 0.0019, 0.0397, 0.0004, 0.0004,\n","         0.3155, 0.0034, 0.0011, 0.0172, 0.0004, 0.0004, 0.0004, 0.0314, 0.0004],\n","        [0.0275, 0.2293, 0.0003, 0.0121, 0.0006, 0.1551, 0.0003, 0.0008, 0.1869,\n","         0.0764, 0.0011, 0.0891, 0.0329, 0.0003, 0.0003, 0.1071, 0.0006, 0.0034,\n","         0.0216, 0.0017, 0.0101, 0.0101, 0.0003, 0.0003, 0.0011, 0.0295, 0.0014],\n","        [0.0936, 0.2361, 0.0004, 0.0007, 0.0272, 0.2325, 0.0011, 0.0047, 0.0215,\n","         0.1222, 0.0018, 0.0007, 0.0110, 0.0056, 0.0058, 0.0686, 0.0002, 0.0004,\n","         0.0770, 0.0054, 0.0009, 0.0168, 0.0033, 0.0043, 0.0002, 0.0576, 0.0004],\n","        [0.1948, 0.0333, 0.0060, 0.0075, 0.0188, 0.0622, 0.0041, 0.0062, 0.0075,\n","         0.0400, 0.0027, 0.0088, 0.1589, 0.0377, 0.1309, 0.0132, 0.0041, 0.0007,\n","         0.0958, 0.0422, 0.0284, 0.0034, 0.0227, 0.0025, 0.0065, 0.0524, 0.0089],\n","        [0.0869, 0.2607, 0.0011, 0.0011, 0.0011, 0.1330, 0.0483, 0.0021, 0.0021,\n","         0.1727, 0.0011, 0.0032, 0.0225, 0.0011, 0.0054, 0.0655, 0.0011, 0.0011,\n","         0.1234, 0.0075, 0.0204, 0.0118, 0.0011, 0.0054, 0.0011, 0.0161, 0.0032],\n","        [0.0558, 0.1694, 0.0020, 0.0005, 0.0102, 0.1714, 0.0010, 0.0133, 0.1847,\n","         0.0977, 0.0020, 0.0005, 0.0169, 0.0036, 0.0143, 0.0430, 0.0005, 0.0005,\n","         0.1034, 0.0159, 0.0164, 0.0440, 0.0010, 0.0138, 0.0005, 0.0164, 0.0010],\n","        [0.3153, 0.2937, 0.0012, 0.0004, 0.0033, 0.0883, 0.0004, 0.0004, 0.0003,\n","         0.0955, 0.0013, 0.0039, 0.0243, 0.0154, 0.0182, 0.0377, 0.0003, 0.0003,\n","         0.0268, 0.0042, 0.0094, 0.0219, 0.0052, 0.0014, 0.0001, 0.0280, 0.0027],\n","        [0.1405, 0.1380, 0.0063, 0.0288, 0.0249, 0.0933, 0.0058, 0.0242, 0.0054,\n","         0.0047, 0.0043, 0.0252, 0.0759, 0.0241, 0.1200, 0.0332, 0.0030, 0.0030,\n","         0.0479, 0.0743, 0.0306, 0.0062, 0.0152, 0.0005, 0.0051, 0.0440, 0.0157],\n","        [0.0246, 0.5036, 0.0007, 0.0017, 0.0017, 0.1507, 0.0003, 0.0003, 0.0157,\n","         0.0410, 0.0010, 0.0010, 0.0034, 0.0020, 0.0010, 0.1640, 0.0007, 0.0003,\n","         0.0041, 0.0027, 0.0010, 0.0694, 0.0020, 0.0024, 0.0003, 0.0038, 0.0003],\n","        [0.0718, 0.3418, 0.0006, 0.0006, 0.0006, 0.1768, 0.0004, 0.0002, 0.0608,\n","         0.1007, 0.0006, 0.0041, 0.0276, 0.0020, 0.0053, 0.0681, 0.0002, 0.0002,\n","         0.0217, 0.0189, 0.0036, 0.0101, 0.0006, 0.0069, 0.0002, 0.0750, 0.0006],\n","        [0.0940, 0.1876, 0.0038, 0.0019, 0.0099, 0.2089, 0.0016, 0.0005, 0.0014,\n","         0.1774, 0.0005, 0.0018, 0.0962, 0.0044, 0.0011, 0.0496, 0.0011, 0.0003,\n","         0.0014, 0.0068, 0.0056, 0.0232, 0.0052, 0.0012, 0.0001, 0.1136, 0.0008],\n","        [0.0775, 0.3885, 0.0169, 0.0078, 0.0037, 0.1228, 0.0003, 0.0001, 0.0009,\n","         0.1885, 0.0012, 0.0003, 0.0009, 0.0253, 0.0031, 0.0679, 0.0058, 0.0001,\n","         0.0147, 0.0054, 0.0007, 0.0210, 0.0006, 0.0004, 0.0001, 0.0432, 0.0018],\n","        [0.3685, 0.1623, 0.0005, 0.0117, 0.0384, 0.0741, 0.0007, 0.0149, 0.0015,\n","         0.0940, 0.0025, 0.0032, 0.0107, 0.0011, 0.1039, 0.0271, 0.0003, 0.0002,\n","         0.0025, 0.0152, 0.0242, 0.0053, 0.0031, 0.0007, 0.0004, 0.0254, 0.0080],\n","        [0.1075, 0.0188, 0.0177, 0.0144, 0.0240, 0.0167, 0.0044, 0.0057, 0.0216,\n","         0.0088, 0.0021, 0.0087, 0.0779, 0.0329, 0.3030, 0.0146, 0.0121, 0.0005,\n","         0.1331, 0.0634, 0.0149, 0.0347, 0.0222, 0.0144, 0.0058, 0.0131, 0.0069],\n","        [0.0323, 0.1994, 0.0028, 0.0019, 0.0009, 0.1880, 0.0019, 0.0009, 0.1947,\n","         0.0589, 0.0019, 0.0019, 0.0161, 0.0019, 0.0019, 0.0570, 0.0380, 0.0009,\n","         0.1443, 0.0161, 0.0171, 0.0047, 0.0009, 0.0009, 0.0009, 0.0123, 0.0009],\n","        [0.0970, 0.0468, 0.0033, 0.0033, 0.0033, 0.0067, 0.0033, 0.0033, 0.0033,\n","         0.0468, 0.0033, 0.0033, 0.0067, 0.0100, 0.0033, 0.0100, 0.0033, 0.0033,\n","         0.0067, 0.0100, 0.0033, 0.6923, 0.0033, 0.0134, 0.0033, 0.0033, 0.0033],\n","        [0.1083, 0.1852, 0.0033, 0.0079, 0.0148, 0.1334, 0.0008, 0.0061, 0.0096,\n","         0.2384, 0.0020, 0.0072, 0.0325, 0.0128, 0.0111, 0.0684, 0.0012, 0.0013,\n","         0.0335, 0.0150, 0.0164, 0.0199, 0.0064, 0.0017, 0.0003, 0.0608, 0.0019],\n","        [0.1439, 0.1478, 0.0027, 0.0075, 0.0012, 0.1088, 0.0004, 0.0004, 0.1581,\n","         0.0842, 0.0004, 0.0102, 0.0344, 0.0112, 0.0031, 0.0654, 0.0064, 0.0002,\n","         0.0069, 0.0568, 0.0942, 0.0229, 0.0018, 0.0031, 0.0001, 0.0266, 0.0014],\n","        [0.0865, 0.1837, 0.0004, 0.0032, 0.0002, 0.1281, 0.0005, 0.0005, 0.1158,\n","         0.0952, 0.0007, 0.0002, 0.0241, 0.0009, 0.0041, 0.1193, 0.0002, 0.0002,\n","         0.0631, 0.0064, 0.0670, 0.0141, 0.0029, 0.0021, 0.0005, 0.0611, 0.0189],\n","        [0.0493, 0.0519, 0.0329, 0.0329, 0.0433, 0.0538, 0.0063, 0.0152, 0.0187,\n","         0.0386, 0.0047, 0.0297, 0.0955, 0.0490, 0.0873, 0.0035, 0.0054, 0.0035,\n","         0.1312, 0.1502, 0.0262, 0.0013, 0.0120, 0.0275, 0.0111, 0.0044, 0.0145],\n","        [0.0342, 0.2473, 0.0008, 0.0004, 0.0008, 0.2188, 0.0004, 0.0004, 0.0008,\n","         0.3508, 0.0004, 0.0015, 0.0058, 0.0004, 0.0035, 0.0592, 0.0004, 0.0004,\n","         0.0188, 0.0004, 0.0004, 0.0031, 0.0031, 0.0004, 0.0004, 0.0469, 0.0004],\n","        [0.0544, 0.2939, 0.0021, 0.0010, 0.0094, 0.1569, 0.0031, 0.0021, 0.0251,\n","         0.1559, 0.0010, 0.0073, 0.0146, 0.0031, 0.0617, 0.0387, 0.0010, 0.0010,\n","         0.0241, 0.0220, 0.0094, 0.0272, 0.0010, 0.0031, 0.0010, 0.0774, 0.0021],\n","        [0.2279, 0.1436, 0.0028, 0.0069, 0.0083, 0.0511, 0.0055, 0.0014, 0.0028,\n","         0.1423, 0.0014, 0.0014, 0.0552, 0.0028, 0.0028, 0.0580, 0.0014, 0.0014,\n","         0.0014, 0.0442, 0.0981, 0.0083, 0.0014, 0.0055, 0.0539, 0.0428, 0.0276],\n","        [0.2048, 0.2187, 0.0029, 0.0118, 0.0278, 0.0308, 0.0013, 0.0032, 0.0023,\n","         0.0197, 0.0024, 0.0089, 0.1127, 0.0152, 0.1864, 0.0277, 0.0016, 0.0007,\n","         0.0298, 0.0410, 0.0107, 0.0145, 0.0109, 0.0005, 0.0030, 0.0024, 0.0081],\n","        [0.0664, 0.3551, 0.0021, 0.0012, 0.0012, 0.1542, 0.0004, 0.0008, 0.0181,\n","         0.1505, 0.0012, 0.0012, 0.0511, 0.0148, 0.0021, 0.0458, 0.0012, 0.0004,\n","         0.0136, 0.0021, 0.0021, 0.0305, 0.0012, 0.0016, 0.0008, 0.0610, 0.0190]],\n","       dtype=torch.float64)"]},"metadata":{},"execution_count":27}]},{"cell_type":"code","source":["P[0].sum()"],"metadata":{"colab":{"base_uri":"https://localhost:8080/"},"id":"hvmZmPbaOkPF","executionInfo":{"status":"ok","timestamp":1772711602900,"user_tz":-330,"elapsed":17,"user":{"displayName":"SUMEET","userId":"18027669688790708177"}},"outputId":"d83e09ad-d7b1-41cc-ef0a-74cd11ab192a"},"execution_count":12,"outputs":[{"output_type":"execute_result","data":{"text/plain":["tensor(1., dtype=torch.float64)"]},"metadata":{},"execution_count":12}]},{"cell_type":"code","source":["P[0].shape, P[0].dim()"],"metadata":{"colab":{"base_uri":"https://localhost:8080/"},"id":"9MivUKqHSmZ6","executionInfo":{"status":"ok","timestamp":1772711605138,"user_tz":-330,"elapsed":11,"user":{"displayName":"SUMEET","userId":"18027669688790708177"}},"outputId":"416b10ff-d385-486c-f3f1-2fdc8d85af90"},"execution_count":13,"outputs":[{"output_type":"execute_result","data":{"text/plain":["(torch.Size([27]), 1)"]},"metadata":{},"execution_count":13}]},{"cell_type":"markdown","source":["##### Sample from a multinomial distribution (?)"],"metadata":{"id":"su3ozzPYOqSh"}},{"cell_type":"code","source":["g = torch.Generator().manual_seed(2147483647)\n","\n","gen_num_words = 5\n","\n","for _ in range(gen_num_words):\n","  row_idx = 0\n","  out = []\n","\n","  while True:\n","    idx = torch.multinomial(P[row_idx], num_samples=1, replacement=True, generator=g)\n","    row_idx = idx.item()\n","    if row_idx == 0:\n","      break\n","    out.append(chr(ord('a')+row_idx-1))\n","  print(\"\".join(out))"],"metadata":{"colab":{"base_uri":"https://localhost:8080/"},"id":"YnwjSddnOoo9","executionInfo":{"status":"ok","timestamp":1772711644063,"user_tz":-330,"elapsed":47,"user":{"displayName":"SUMEET","userId":"18027669688790708177"}},"outputId":"6e4695aa-b6b8-4814-8bb0-f2f904484db9"},"execution_count":14,"outputs":[{"output_type":"stream","name":"stdout","text":["cexze\n","momasurailezitynn\n","konimittain\n","llayn\n","ka\n"]}]},{"cell_type":"markdown","source":["#### How to calculate loss :\n","##### We can imagine that P is the model weight matrix\n","So based on that, we can iterate over bigrams and calculate negative log likelihood"],"metadata":{"id":"5WKII2C5W4V2"}},{"cell_type":"code","source":["\n","n = 0\n","nll = 0\n","\n","for word in words:\n","  word = f\".{word}.\"\n","  for char1, char2 in zip(word, word[1:]):\n","    char1_idx = 0 if char1 == \".\" else ord(char1)-ord('a')+1\n","    char2_idx = 0 if char2 == \".\" else ord(char2)-ord('a')+1\n","    nll += torch.log(P[char1_idx, char2_idx]) # This means that for char1 we are considering char2 as prediction\n","    n += 1 # Counting each bigram\n","\n","nll *= -1\n","print(f\"{nll=}\")\n","\n","print(f\"Avg nll {nll.item()/n}\") # This shows avg NLL considering freq matrix approach as one of the models"],"metadata":{"colab":{"base_uri":"https://localhost:8080/"},"id":"Q0Z0RCKFW3xS","executionInfo":{"status":"ok","timestamp":1772711883358,"user_tz":-330,"elapsed":2269,"user":{"displayName":"SUMEET","userId":"18027669688790708177"}},"outputId":"7c5de842-2c0e-4b73-ce37-546df03134d2"},"execution_count":15,"outputs":[{"output_type":"stream","name":"stdout","text":["nll=tensor(560001.8832, dtype=torch.float64)\n","Avg nll 2.454576820116076\n"]}]},{"cell_type":"markdown","source":["#### Training a model and doing gradient descent\n","\n","##### APPROACH\n","Create xs, ys as char1,char2 - One hot encoded\n","\n","Choose a W matrix [27,27]\n","- 27 inputs to do one hot encoding of each char into [.a-z]\n","- 27 outputs to predict a character\n","\n","##### LOSS\n","\n","So, we get logits post forward pass, we do a softmax\n","we get probabilities y_pred of [1,27]\n","Calculate loss as -log(ys * y_pred)\n","\n","Do loss backward\n","and update W\n"],"metadata":{"id":"w6cgYbaAnS_1"}},{"cell_type":"code","source":["def char_to_idx(c):\n","  return 0 if c == \".\" else (ord(c) - ord('a') + 1)\n","\n","def idx_to_char(idx):\n","  return '.' if idx == 0 else chr(ord('a') + idx - 1)"],"metadata":{"id":"oKL5XNElsxqY","executionInfo":{"status":"ok","timestamp":1772711905904,"user_tz":-330,"elapsed":11,"user":{"displayName":"SUMEET","userId":"18027669688790708177"}}},"execution_count":16,"outputs":[]},{"cell_type":"code","source":["idx_to_char(26)"],"metadata":{"colab":{"base_uri":"https://localhost:8080/","height":36},"id":"LlW1ptXV7e1s","executionInfo":{"status":"ok","timestamp":1772711906904,"user_tz":-330,"elapsed":13,"user":{"displayName":"SUMEET","userId":"18027669688790708177"}},"outputId":"a568b2f5-9687-489d-c951-558e54f140b4"},"execution_count":17,"outputs":[{"output_type":"execute_result","data":{"text/plain":["'z'"],"application/vnd.google.colaboratory.intrinsic+json":{"type":"string"}},"metadata":{},"execution_count":17}]},{"cell_type":"code","source":["# Prepare Dataset\n","X, Y = [], []\n","for word in words:\n","  word = f\".{word}.\"\n","  for char1, char2 in zip(word, word[1:]):\n","    X.append(char_to_idx(char1))\n","    Y.append(char_to_idx(char2))\n","\n","X = torch.tensor(X)\n","Y = torch.tensor(Y)\n","Y, Y.shape"],"metadata":{"colab":{"base_uri":"https://localhost:8080/"},"id":"omAE-dvAe0s0","executionInfo":{"status":"ok","timestamp":1772711914199,"user_tz":-330,"elapsed":142,"user":{"displayName":"SUMEET","userId":"18027669688790708177"}},"outputId":"40458b11-05e8-4f6d-e2fb-47f5296cf489"},"execution_count":18,"outputs":[{"output_type":"execute_result","data":{"text/plain":["(tensor([ 5, 13, 13,  ..., 26, 24,  0]), torch.Size([228146]))"]},"metadata":{},"execution_count":18}]},{"cell_type":"code","source":[],"metadata":{"id":"3qT2M1PHvcen","executionInfo":{"status":"ok","timestamp":1772711924517,"user_tz":-330,"elapsed":15,"user":{"displayName":"SUMEET","userId":"18027669688790708177"}}},"execution_count":19,"outputs":[]},{"cell_type":"code","source":["xenc = F.one_hot(X, num_classes=27)\n","xenc = xenc.double()\n","xenc.shape, xenc.dtype"],"metadata":{"colab":{"base_uri":"https://localhost:8080/"},"id":"Ak_q0k-BwUfZ","executionInfo":{"status":"ok","timestamp":1772711925676,"user_tz":-330,"elapsed":48,"user":{"displayName":"SUMEET","userId":"18027669688790708177"}},"outputId":"5471e25e-8a7c-44bc-ac64-6a3d3e3ae809"},"execution_count":20,"outputs":[{"output_type":"execute_result","data":{"text/plain":["(torch.Size([228146, 27]), torch.float64)"]},"metadata":{},"execution_count":20}]},{"cell_type":"code","source":["yenc = F.one_hot(Y, num_classes=27).double()\n","yenc.shape, yenc.dtype"],"metadata":{"colab":{"base_uri":"https://localhost:8080/"},"id":"SjwDPHozzbW2","executionInfo":{"status":"ok","timestamp":1772711927708,"user_tz":-330,"elapsed":30,"user":{"displayName":"SUMEET","userId":"18027669688790708177"}},"outputId":"066bd4e9-02c9-43f4-a381-34bebfcc62da"},"execution_count":21,"outputs":[{"output_type":"execute_result","data":{"text/plain":["(torch.Size([228146, 27]), torch.float64)"]},"metadata":{},"execution_count":21}]},{"cell_type":"code","source":["W = torch.randn(27,27, dtype=torch.float64, requires_grad=True)\n","W"],"metadata":{"colab":{"base_uri":"https://localhost:8080/"},"id":"JmY29x8s-LBw","executionInfo":{"status":"ok","timestamp":1772711952577,"user_tz":-330,"elapsed":43,"user":{"displayName":"SUMEET","userId":"18027669688790708177"}},"outputId":"ec302d14-3f30-4779-e3e4-c4894d55c7bf"},"execution_count":23,"outputs":[{"output_type":"execute_result","data":{"text/plain":["tensor([[-0.5021, -0.4814, -0.2584,  0.2878,  1.2934, -0.7555,  1.7123,  0.6415,\n","          1.0053, -0.4193,  1.1039,  0.2501,  0.7091, -0.5671, -3.4917, -0.5283,\n","          0.1744,  0.1799,  0.0023,  0.1795, -1.5032,  0.0286,  1.0257,  0.0484,\n","         -0.4301, -2.4440, -1.1760],\n","        [-0.2113, -1.9557, -0.9900,  0.3103,  0.3087, -1.0255, -0.5655, -0.8449,\n","         -0.6999, -0.4839, -0.5814,  0.1200,  1.7314, -0.4619, -0.4965, -0.1916,\n","          0.9054,  0.3061, -0.2027, -0.7471, -0.7512, -1.0598,  0.2427,  0.8302,\n","          0.0481, -0.7505, -0.3611],\n","        [ 2.0763,  0.1470, -1.0212, -0.5538, -0.2052, -0.9329,  0.0252, -0.8213,\n","         -1.4948,  1.8247, -1.2194,  0.8864,  1.5295, -1.2353,  0.2164, -0.2116,\n","         -0.6088, -0.6550, -1.2648, -1.1514, -1.4071, -0.7445,  0.3176,  0.6186,\n","         -1.4097,  0.3204, -0.3982],\n","        [-0.1199,  0.9563,  1.3357, -1.2635,  0.5824,  1.3356,  1.7004,  0.7139,\n","         -1.0196, -0.0585, -0.7708, -0.4872,  0.3714,  2.1396, -1.1813, -0.8699,\n","          1.9420,  1.0271, -2.5469, -0.6992,  1.3547,  0.1414,  0.2853, -0.5248,\n","          2.1191, -0.6073,  0.1457],\n","        [-0.7155, -0.9138, -0.4832, -1.6212, -0.6875, -0.9555, -0.5125,  2.3976,\n","         -0.1515,  1.6850,  0.7034, -0.9649, -1.6338, -1.2186,  0.0211,  1.0045,\n","         -1.0186,  0.0781, -0.9287, -1.2459, -0.7877, -0.8059, -0.0018,  0.3231,\n","          1.6442, -1.6894, -0.2883],\n","        [ 0.3440,  0.1692,  0.0896,  2.1811,  0.3275,  1.5525,  0.8242,  1.2140,\n","          0.7181, -0.8074, -0.0285, -0.0735,  0.5255,  1.5104, -1.2584,  1.4689,\n","          0.2493, -0.2774,  0.3499,  0.5309, -0.1379, -1.1222, -0.0287, -0.5386,\n","         -0.1393, -0.0546,  0.3022],\n","        [-1.7846, -1.0494,  2.0433,  0.8025,  0.2084,  1.8278, -0.6093,  1.4652,\n","         -0.0635, -0.7355, -0.3072,  0.4625,  1.3744, -1.0343, -0.9083,  0.8201,\n","          0.8256, -1.1294,  0.1795, -1.4128,  0.1148, -0.9642, -0.5591,  0.8203,\n","         -2.1325, -0.9597,  1.3778],\n","        [-1.7446, -0.4114,  0.5947, -0.0191, -1.6013,  0.3097, -0.4314, -0.2613,\n","         -1.1326,  0.6867,  0.3960, -0.2768,  0.7604, -1.0852, -0.1150, -0.3859,\n","          1.3737,  0.2246,  0.0537,  3.3512,  2.0200,  0.4440,  0.1160,  0.9046,\n","         -0.8276,  1.1742, -1.3931],\n","        [ 1.1176, -0.5025,  1.4345, -0.6456, -0.2850, -0.9615,  3.1135,  1.1707,\n","         -0.8057,  0.5849,  1.3175,  0.4912,  1.4164, -0.3503,  1.0721,  1.0465,\n","         -0.0428, -1.3806, -0.1612, -0.0773,  0.1095, -0.3416,  0.2169, -1.7542,\n","         -2.0687, -0.5784,  1.3286],\n","        [ 0.9019, -1.2271, -0.1286,  0.3397, -1.1481, -1.2908,  0.5328, -0.9091,\n","          0.2508,  1.0837, -1.3571,  1.3890,  0.1782, -0.0819,  0.3303, -0.1108,\n","         -1.3862,  0.1567, -0.1323,  0.1235,  0.2953,  0.4128, -1.2317,  0.1899,\n","         -0.1939,  1.1425,  1.4562],\n","        [-0.5514,  0.0085, -0.5925,  0.8767, -0.0735,  0.7425,  1.2442, -0.6094,\n","         -0.9300, -0.6056,  0.1411,  1.9207,  0.3332,  0.6139, -0.3400, -1.0171,\n","         -1.6732,  0.5271,  0.0955,  1.4345, -0.5373,  1.4885, -0.8504,  0.1664,\n","         -1.7496,  1.0492, -0.8840],\n","        [-0.2365, -2.4388, -0.2556,  1.8294,  0.3224, -0.2743,  0.4081,  1.4979,\n","          0.1309,  0.0563,  0.0303, -1.3397, -0.1534, -1.6925,  0.8135, -0.4602,\n","         -0.2554, -1.4176,  0.0906,  0.2555, -1.2106, -0.0927, -0.1222, -0.2639,\n","          0.1812,  1.1440,  0.4241],\n","        [-0.4889,  1.3416, -1.4218,  2.2075, -0.6302, -0.1323, -0.5188, -0.5180,\n","         -0.1744, -1.1103,  1.1398, -0.1087,  1.2284, -0.6443, -0.7613,  0.3791,\n","          1.2154, -1.4325,  0.3815, -1.3564,  0.7837, -1.5912, -1.2660,  0.0586,\n","         -1.4499,  1.2620,  1.1037],\n","        [ 1.1601,  0.2115, -1.3274, -1.4331, -1.5576, -1.6881, -0.2668, -2.5363,\n","          1.1570,  0.8791,  0.3196, -0.8209,  1.5780,  0.7474,  1.1352,  0.0262,\n","         -0.0918, -0.4460,  1.1246, -0.9985, -2.3255,  2.8879,  0.4943, -0.1301,\n","          2.0730,  0.0362, -1.2796],\n","        [-1.0394, -0.4943, -0.1456, -0.1300, -1.2800, -0.1504,  0.5366,  0.9270,\n","         -0.0331, -1.8882,  1.3706, -0.0430,  1.1918,  0.3604,  0.0980,  1.4542,\n","          1.5603,  0.7654, -1.0871,  0.4712,  0.4572, -0.9391,  1.1031,  0.3322,\n","         -0.0696,  0.8094, -0.7600],\n","        [-0.6379, -0.7791,  1.0565,  1.4500, -0.6400, -0.1312,  0.7466,  0.8063,\n","          0.0708, -0.8071,  1.7554, -0.9493, -0.7718,  0.7223, -0.6832, -1.8199,\n","         -0.6797,  0.6634, -1.2278, -1.7336,  0.0834, -0.7705, -0.6970, -0.6119,\n","         -0.0530, -0.1997,  1.2541],\n","        [-0.6547, -1.3993, -0.2858, -1.2523,  1.1673, -0.3586, -0.2518, -1.1315,\n","         -1.7508,  0.4971,  0.4486,  1.0254, -1.3336, -0.6399,  1.6536, -0.9658,\n","          0.9028,  0.0467, -0.4539, -0.4323, -1.1098,  0.8886, -0.4679,  1.8610,\n","          1.2187, -2.2799,  0.5141],\n","        [ 0.3552, -1.0665,  1.0717,  0.4288,  1.4205, -0.7175,  1.0259, -0.0772,\n","          1.5237,  1.1661,  0.1693,  1.1794,  0.6617,  0.1361,  0.2321, -0.6833,\n","         -0.8556,  0.5668, -1.1713, -0.6633,  0.3607,  1.4557,  0.1203, -0.5037,\n","         -2.8723, -1.7540, -0.8859],\n","        [-1.4978,  0.6185,  2.3083, -0.1528, -0.3668, -0.5166, -0.2359, -0.9887,\n","          1.4313, -0.1430,  0.8547, -1.3106,  1.2046, -1.6916,  0.7228, -1.6458,\n","          0.0997,  1.0914,  0.2496,  1.1432,  1.0055,  0.0433, -1.2826, -0.8358,\n","         -0.1687,  0.0547, -0.8021],\n","        [-1.0943, -0.2177,  0.5970,  1.4424, -0.0037,  1.3490,  1.0986, -0.0350,\n","         -0.3161, -0.0609,  0.8416, -0.0473,  1.6869,  0.7019, -1.4486,  0.3418,\n","          0.2977, -0.4010, -1.3057, -1.5801,  0.5082,  0.1792, -0.2346, -0.1291,\n","          0.1711, -0.4480, -1.0944],\n","        [ 0.5085,  0.3732,  1.0456, -1.2245, -0.9350,  0.3366, -1.5031,  0.5064,\n","          0.0932,  1.5175,  0.0168,  1.2218, -0.5786, -1.7769,  0.9715,  0.3014,\n","         -0.2257,  0.7422, -0.8107,  0.4080,  0.0819, -1.1062,  0.2226, -1.8705,\n","         -1.6232,  1.0863,  0.5457],\n","        [-0.0805, -1.4921,  1.1918,  0.6852, -0.7865, -1.0749, -0.3708, -0.3523,\n","          0.9120, -0.6656, -0.9516,  1.0107, -0.9244,  1.9827, -0.2026,  1.0591,\n","          2.6253,  0.7046,  0.8705, -0.9558,  1.6175,  1.0648, -0.4426,  1.4268,\n","          2.2111,  1.0458,  0.6881],\n","        [-0.6567,  0.8810,  0.8028, -2.0904,  0.7328, -3.8905, -0.2225, -0.6000,\n","          0.2500, -1.6996,  0.9238,  0.8531,  0.6554,  0.4841, -2.7231,  0.9195,\n","          2.6093, -0.0069,  0.2722, -0.1139, -0.0681, -1.5434, -1.9273,  0.0464,\n","          0.9404, -1.1173,  2.1771],\n","        [-0.5106,  2.9379,  0.4838,  1.3311, -0.0955, -0.3089,  0.3291,  1.4981,\n","          0.0539, -1.6957, -1.0415,  0.4728,  0.6240,  0.8723,  0.0415, -0.7568,\n","         -0.2954, -0.2303, -0.4124, -1.0481, -1.5809, -0.0661, -1.2098, -0.0655,\n","         -0.6428,  1.2614, -0.6817],\n","        [-0.0961,  0.1343, -0.0347,  0.4884,  0.2552, -0.4280, -0.1986, -0.6679,\n","          0.4136, -0.0580,  1.6562,  1.7997, -2.3096, -1.0021,  0.3922, -0.1783,\n","          1.2083,  0.1424, -1.9645,  0.5452, -0.1009, -0.1625, -1.2635, -0.2503,\n","          1.0549, -0.1695, -1.0518],\n","        [-1.0549,  0.3173, -0.9315,  1.3724, -0.0017, -0.4756,  0.8204,  1.8583,\n","         -1.6034,  0.3392, -0.1099,  0.5046, -0.0966, -2.6409, -0.5136, -0.6847,\n","         -0.0283,  1.6153, -0.4139, -0.0242,  1.7509,  0.6351, -0.9436,  1.9511,\n","         -0.6943, -0.5677,  0.4750],\n","        [ 0.9057, -0.2724, -0.0168,  1.8646, -1.7966,  0.7991, -1.5578, -0.4922,\n","         -0.8815, -1.1136,  2.2094,  0.9401, -0.3530,  0.5629,  0.7534,  0.1215,\n","          0.3742, -0.5671, -0.3407, -0.1767, -0.1678, -0.1785, -1.1652, -1.6912,\n","         -0.7377, -0.4382, -0.4822]], dtype=torch.float64, requires_grad=True)"]},"metadata":{},"execution_count":23}]},{"cell_type":"code","source":["xenc.dtype, W.dtype"],"metadata":{"colab":{"base_uri":"https://localhost:8080/"},"id":"FRPP1Zs53Z7u","executionInfo":{"status":"ok","timestamp":1772711959160,"user_tz":-330,"elapsed":28,"user":{"displayName":"SUMEET","userId":"18027669688790708177"}},"outputId":"91bd8af7-8728-495b-dad9-aebe4c4bde0b"},"execution_count":24,"outputs":[{"output_type":"execute_result","data":{"text/plain":["(torch.float64, torch.float64)"]},"metadata":{},"execution_count":24}]},{"cell_type":"code","source":["## Creating W\n","step = 100\n","runs = 100\n","\n","for run in range(runs):\n","  # Forward pass\n","  logits = xenc @ W #[nin, 27]\n","  #probs = torch.nn.Softmax(logits, dim=1)\n","  log_probs = F.log_softmax(logits, dim=1)\n","\n","  loss = -(yenc * log_probs).sum(dim=1).mean()\n","\n","  W.grad = None\n","  loss.backward()\n","\n","  W.data -= step * W.grad\n","\n","  print(f\"Run: {run+1} Loss: {loss}\")\n","\n"],"metadata":{"colab":{"base_uri":"https://localhost:8080/"},"id":"q64aMVaDwmmo","executionInfo":{"status":"ok","timestamp":1772712013111,"user_tz":-330,"elapsed":30858,"user":{"displayName":"SUMEET","userId":"18027669688790708177"}},"outputId":"1d3c4540-27f8-4ba0-d45c-78b3786ee3b9"},"execution_count":25,"outputs":[{"output_type":"stream","name":"stdout","text":["Run: 1 Loss: 3.8539211095670773\n","Run: 2 Loss: 3.20052879218472\n","Run: 3 Loss: 2.9663837623888396\n","Run: 4 Loss: 2.837183786397822\n","Run: 5 Loss: 2.7766379863415716\n","Run: 6 Loss: 2.713424557423867\n","Run: 7 Loss: 2.6843412985340516\n","Run: 8 Loss: 2.6484429698223075\n","Run: 9 Loss: 2.639095652743976\n","Run: 10 Loss: 2.6117966613522774\n","Run: 11 Loss: 2.607140080713033\n","Run: 12 Loss: 2.5880082462690157\n","Run: 13 Loss: 2.589663308730286\n","Run: 14 Loss: 2.5710052399190766\n","Run: 15 Loss: 2.5725323239110938\n","Run: 16 Loss: 2.5590244849086865\n","Run: 17 Loss: 2.5642840389285406\n","Run: 18 Loss: 2.5487226259798788\n","Run: 19 Loss: 2.552428339573025\n","Run: 20 Loss: 2.541577886501981\n","Run: 21 Loss: 2.548627035676477\n","Run: 22 Loss: 2.5343292457177076\n","Run: 23 Loss: 2.5390386923923987\n","Run: 24 Loss: 2.5299160588820855\n","Run: 25 Loss: 2.5382324049188885\n","Run: 26 Loss: 2.5244443102069116\n","Run: 27 Loss: 2.52963371237645\n","Run: 28 Loss: 2.5218885210326123\n","Run: 29 Loss: 2.5312191415180894\n","Run: 30 Loss: 2.517457116028522\n","Run: 31 Loss: 2.52274285059413\n","Run: 32 Loss: 2.5162057104668567\n","Run: 33 Loss: 2.5263935335632146\n","Run: 34 Loss: 2.5122838770814258\n","Run: 35 Loss: 2.5173701221900124\n","Run: 36 Loss: 2.512000557217162\n","Run: 37 Loss: 2.522987308163584\n","Run: 38 Loss: 2.5082534272039654\n","Run: 39 Loss: 2.5129243400338037\n","Run: 40 Loss: 2.508768414969386\n","Run: 41 Loss: 2.5205590171130146\n","Run: 42 Loss: 2.5049959589070885\n","Run: 43 Loss: 2.509087212039455\n","Run: 44 Loss: 2.506215297819239\n","Run: 45 Loss: 2.5188310880720794\n","Run: 46 Loss: 2.5023022922228417\n","Run: 47 Loss: 2.5056952926171996\n","Run: 48 Loss: 2.5041472064542387\n","Run: 49 Loss: 2.5175900970681817\n","Run: 50 Loss: 2.5000488904284\n","Run: 51 Loss: 2.5026855116030617\n","Run: 52 Loss: 2.5024232584769055\n","Run: 53 Loss: 2.516649106112614\n","Run: 54 Loss: 2.4981606244679333\n","Run: 55 Loss: 2.500061141882696\n","Run: 56 Loss: 2.500941750405602\n","Run: 57 Loss: 2.515849684117185\n","Run: 58 Loss: 2.496584723871943\n","Run: 59 Loss: 2.497849387548822\n","Run: 60 Loss: 2.4996385759867943\n","Run: 61 Loss: 2.515084571518573\n","Run: 62 Loss: 2.4952715458146613\n","Run: 63 Loss: 2.496053877343366\n","Run: 64 Loss: 2.4984819047478215\n","Run: 65 Loss: 2.514311114221222\n","Run: 66 Loss: 2.494168134193667\n","Run: 67 Loss: 2.4946300725256907\n","Run: 68 Loss: 2.4974575298281407\n","Run: 69 Loss: 2.513535809196837\n","Run: 70 Loss: 2.493224463990811\n","Run: 71 Loss: 2.4934992666252804\n","Run: 72 Loss: 2.4965542249293184\n","Run: 73 Loss: 2.5127834261176374\n","Run: 74 Loss: 2.4924014572072832\n","Run: 75 Loss: 2.492580029000109\n","Run: 76 Loss: 2.4957580091694958\n","Run: 77 Loss: 2.5120750006588124\n","Run: 78 Loss: 2.491672542314836\n","Run: 79 Loss: 2.4918085025636065\n","Run: 80 Loss: 2.495053338227617\n","Run: 81 Loss: 2.511421188541483\n","Run: 82 Loss: 2.491020350221714\n","Run: 83 Loss: 2.491141760643348\n","Run: 84 Loss: 2.4944256152853863\n","Run: 85 Loss: 2.5108240874355454\n","Run: 86 Loss: 2.4904329250091557\n","Run: 87 Loss: 2.4905528880612047\n","Run: 88 Loss: 2.4938624960941675\n","Run: 89 Loss: 2.5102808893222486\n","Run: 90 Loss: 2.4899012844338833\n","Run: 91 Loss: 2.4900251073115216\n","Run: 92 Loss: 2.4933540427183827\n","Run: 93 Loss: 2.5097866943405296\n","Run: 94 Loss: 2.4894181945297924\n","Run: 95 Loss: 2.4895475167442807\n","Run: 96 Loss: 2.4928923608331948\n","Run: 97 Loss: 2.509336128292684\n","Run: 98 Loss: 2.488977608631615\n","Run: 99 Loss: 2.489112528875273\n","Run: 100 Loss: 2.49247113862838\n"]}]},{"cell_type":"code","source":["W"],"metadata":{"colab":{"base_uri":"https://localhost:8080/"},"id":"i7ONjjOJ-Pwd","executionInfo":{"status":"ok","timestamp":1772630639906,"user_tz":-330,"elapsed":16,"user":{"displayName":"SUMEET","userId":"18027669688790708177"}},"outputId":"8f2e5ab5-dfde-4c8d-b022-950b66bd1b26"},"execution_count":null,"outputs":[{"output_type":"execute_result","data":{"text/plain":["tensor([[-3.1239,  1.7096,  0.4916,  0.6580,  0.7497,  0.6508, -0.6540, -0.1789,\n","          0.0892, -0.3034,  1.1100,  1.3117,  0.6773,  1.1568,  0.3607, -0.7111,\n","         -0.4416, -2.1145,  0.7191,  0.9455,  0.4932, -2.2276, -0.7582, -0.9629,\n","         -1.7813, -0.4034,